2.29657388773
2.07763601008
8.4134873438
1.41023718126
-17.2355232409
1.96729846182
-1.21047761651
-0.289204692333
0.30745101805
0.282768278809
0.989158089501
10.7610400378
2.19307890878
0.0746470494966
0.3011183981
10.4332019912
1.21513007695
1.50261274433
0.44004324313
2.1450958711
5.38607898735
0.973791597279
1.54663717278
3.12851523304
1.13603082934
-0.152374491555
1.09047455011
0.702381244716
2.66214054879
1.9467033936
10.0837630817
1.59705417378
-4.41268095433
1.64616657002
-71.583837207
1.12561897988
2.10033105478
-0.753243454654
0.500157420611
1.87390054002
1.80871751739
1.76160132703
1.46068817125
7.22276967328
0.702566979292
1.88345701028
21.7820060196
0.953378490994
-12.6687027345
1.70650287693
0.675149113887
61.161937161
0.784483668053
15.480428577
0.897068236679
0.341613556481
1.44368674833
15.1232428055
0.993543878459
0.13996778042
0.390912748079
0.885596991333
81.9922716167
92.0500772729
40.5053119065
0.712729163406
1.20664419759
0.195067712514
1.36665196771
-0.0924318109802
1.16987689981
1.70503550167
180.648832949
14.9398895709
91.5431991372
0.705647233894
1.18110915559
1.07922623241
2.16640448472
0.774939806416
1.64330332559
67.559038401
14.2387587374
35.5895456805
1.56377116548
112.686819746
21.0631396187
-0.388436819001
108.804750367
58.1371936292
1.98906787363
1.92436967559
0.556242384115
6.31567275544
7.52933539089
6.5294448732
42.5878195497
1.46126278163
14.1174359497
0.578989792112
