0.857439382877 0.592364719335 0.163757820687
0.04030588628 0.19242254324 0.54265100839
4.65362319347 6.06917213423 3.91575918721
0.281373541534 0.401041293618 -0.154287135674
-21.5035849142 -28.2223462414 -34.5687614718
0.587688958095 0.706511232173 0.26486700372
-11.4104695917 -5.7894499291 4.193422599
-0.76050842432 -0.282506866345 -0.689837659259
-0.324019934118 -0.383546949464 -0.23433323712
-1.09240135257 -0.248377154117 0.815930583353
0.137795278403 0.286981928632 0.160652253349
-7.87280512751 -3.61320082686 2.36675395795
-0.348124305454 -0.3576228224 0.376397374375
-0.731500871266 -0.563308538943 0.0310280752165
0.0400735525787 0.600647749816 -0.370120094594
-3.18105857063 0.12641035035 3.3875728823
-0.349871200151 -0.685489710768 -0.0904367638411
0.215765272517 0.0297997850796 -0.0524037702537
-0.0662433142467 0.223234855825 0.420429441755
0.043803534464 -0.0104142260106 0.758519566484
-11.1915086039 -4.97761681337 7.48172484082
0.424187009226 0.695903807678 0.361296242771
0.243954763785 0.452397426391 -0.368245349716
-1.66500307632 -1.73846443148 -0.825285782004
0.315584405126 -0.0704173074541 0.142332134058
-0.842068676204 -0.176037328446 -0.620578592674
-0.0493659488861 0.179639041877 0.9377443966
-0.54223135486 -0.112891936194 0.131858234035
-1.25920089151 -0.127011891835 -1.0030771889
-0.0212065695093 0.193696503549 0.146970747971
-5.09150871751 -3.57091309905 4.27670701536
0.0100117512706 0.269257561194 0.923104109968
-6.64287219694 -5.76215607447 -4.99819444528
0.696570586807 1.02454665797 0.0455686384585
-203.621472035 -134.410834638 214.354166061
0.181818243537 0.129105355421 0.0218514461229
1.14949781738 0.964344502819 0.878708816882
-1.17703857921 -1.15850779273 -1.17760574318
-0.705042790816 -0.225323109153 -0.245855215521
0.780063717464 0.586665301133 0.824812040961
-0.259609171979 0.0346956339238 0.0325178531199
0.69404597875 0.945851841135 1.09868345058
0.260271991349 0.566701419562 0.41098178501
-0.112726225044 2.06014089887 8.99224651054
1.21549583354 1.15342256963 0.0247980925365
0.436430356084 0.524959127232 0.179883596127
7.30489845164 8.55533128635 6.64861619538
0.81995924913 0.630544929584 0.332982169761
-53.5293072436 -30.2688022211 3.3974348767
0.547420416615 0.510541416686 0.514844346865
34.0344821016 35.5330617199 -9.9441977491
1.42033630952 0.658767657762 -0.405935754826
1.69645591902 1.66651183107 -0.103547176971
164.497335707 200.514971151 109.82950976
8.85435859362 7.56733358325 -1.71073439608
72.1427792363 87.5304435241 37.7607625447
24.1357766028 28.1033889232 22.9495266724
27.2569196479 27.6226565338 -10.5246775492
12.8602701819 12.1983065005 -2.00612691066
19.4335950831 19.2460363641 9.82247259866
29.2958856547 33.0190953026 -1.34889097993
94.3164570625 104.846308733 8.67466415141
26.6591373988 27.6411961985 -12.4627496604
51.6376166393 60.779851267 14.0836916082
20.0565757478 18.2431945639 -23.8763445909
0.10199923699 0.144180580473 0.176412864082
17.6045059716 20.8325924503 6.0298726732
27.6906768043 30.8359372309 -1.68089358118
6.24991730567 6.20096859814 -3.80124174234
6.37567529361 5.86806228752 -1.99591388241
72.2534217626 75.1831109013 -11.6086586133
1.19934853551 1.35333902911 0.355312991164
2.48093152749 2.54235341329 1.52108929667
4.57389938122 4.59578676058 0.00576650860522
7.68371655897 6.02258663283 -6.06882439621
0.257515727532 -0.50567242416 -0.427070126916
3.87955589659 3.55049500105 2.24585746267
2.03909223228 1.6828388693 0.48357394826
7.38764298242 7.40587091615 1.22200220049
0.6385472142 -0.0762595649252 0.175434961837
5.56844122337 5.5677203221 0.772135395573
32.5996053784 31.9809480575 -4.14165275734
1.45462717997 1.23478944075 -0.0471799708415
6.34856814175 5.21499946633 -3.8978365673
1.76621066249 1.58999459821 0.321675621434
2.33523062583 1.90613122289 1.27114878822
4.16668422534 4.25888945741 2.92022066646
2.94357489135 2.12664775985 -0.09155265914
2.11383209745 1.56499302987 0.126885540629
105.728656382 117.317989965 81.7266844048
2.38318373067 1.11589805691 -2.61056301944
5.54867662992 4.64815119457 0.383271725169
3.53700764742 3.34304958516 1.15161248716
3.46915971087 2.86965669402 1.24004007999
2.96635850008 3.05157441169 -0.0973113836187
13.0214464927 12.2175080509 4.07154877706
3.19358307656 3.02063257302 -3.75813991157
5.29637670997 5.50918336189 -0.407144482624
1.63309320435 1.46172764592 1.80617675791
2.14798309214 1.52883297439 0.928260426346
