0.857439382877
0.04030588628
4.65362319347
0.281373541534
-21.5035849142
0.587688958095
-11.4104695917
-0.76050842432
-0.324019934118
-1.09240135257
0.137795278403
-7.87280512751
-0.348124305454
-0.731500871266
0.0400735525787
-3.18105857063
-0.349871200151
0.215765272517
-0.0662433142467
0.043803534464
-11.1915086039
0.424187009226
0.243954763785
-1.66500307632
0.315584405126
-0.842068676204
-0.0493659488861
-0.54223135486
-1.25920089151
-0.0212065695093
-5.09150871751
0.0100117512706
-6.64287219694
0.696570586807
-203.621472035
0.181818243537
1.14949781738
-1.17703857921
-0.705042790816
0.780063717464
-0.259609171979
0.69404597875
0.260271991349
-0.112726225044
1.21549583354
0.436430356084
7.30489845164
0.81995924913
-53.5293072436
0.547420416615
34.0344821016
1.42033630952
1.69645591902
164.497335707
8.85435859362
72.1427792363
24.1357766028
27.2569196479
12.8602701819
19.4335950831
29.2958856547
94.3164570625
26.6591373988
51.6376166393
20.0565757478
0.10199923699
17.6045059716
27.6906768043
6.24991730567
6.37567529361
72.2534217626
1.19934853551
2.48093152749
4.57389938122
7.68371655897
0.257515727532
3.87955589659
2.03909223228
7.38764298242
0.6385472142
5.56844122337
32.5996053784
1.45462717997
6.34856814175
1.76621066249
2.33523062583
4.16668422534
2.94357489135
2.11383209745
105.728656382
2.38318373067
5.54867662992
3.53700764742
3.46915971087
2.96635850008
13.0214464927
3.19358307656
5.29637670997
1.63309320435
2.14798309214
