-0.947961041479
-67.4611492766
-2.08029220498
-20.7873103077
-1.99698496239
-1.09329682492
-1.30438386819
-16.6632729094
-1.17112587322
-2.09284504275
-0.738197616456
-1.40073796369
-68.6998908971
-95.8596425735
-32.6922337286
-2.02189057905
-1.90534825255
-1.86546828978
-1.24417880311
-1.07175363909
-0.858360155463
-0.639602490922
-67.9733194155
-15.3807077861
-78.5316839819
-1.84572025401
-2.33709864655
-1.29763648944
-2.12762632592
-1.82994998938
-1.19553143499
-63.2886055956
-7.87008494879
-55.85739231
-2.56793913602
-102.986786879
-19.9382837366
-0.913250440534
-114.503950044
-30.7534626475
-1.53459818054
-1.97567950256
-1.67338739158
-7.11505402883
-15.3965356646
-10.9128647112
-36.8547959026
-1.49527966303
-17.3552961424
-1.9361459897
26.7294110809
-4.91390595177
0.563496379323
71.7035921007
-3.58583162302
2.35491973759
13.8364970861
-1.11502163284
0.928924780166
-21.3788966974
-3.15691503984
20.294188165
17.295253797
7.68050587188
12.9319770397
-1.97134085902
-4.44209945106
-6.4872543503
-0.207663524536
5.81004322711
49.3289119561
-1.54373652666
-0.812213754811
3.55853653858
3.31186932882
-2.96591755191
-0.620454942353
-4.03808218761
-2.06171807233
-2.37216487519
-0.519672307429
17.8666909759
-1.14897688848
3.94426155672
-0.126416836542
-1.52232500271
-4.42234535338
-2.26838405996
0.879472226564
86.3919221998
0.420870264497
-8.37274475178
1.45021173213
-1.91950347573
-1.78638420158
-2.86938555843
2.03165711231
-1.50797254974
-6.20462709887
-3.90883264898
