-0.947961041479 1.04790019327 0.274935722209
-67.4611492766 39.9480755646 25.5373333395
-2.08029220498 1.63250642604 1.64819525731
-20.7873103077 16.0728592777 10.9822114011
-1.99698496239 1.14022412384 2.61860817432
-1.09329682492 0.791561316975 1.42459208309
-1.30438386819 1.17904429193 -0.0279929356448
-16.6632729094 21.1387737634 24.9530037641
-1.17112587322 1.14435787186 1.40525742118
-2.09284504275 1.2811246198 3.64126296539
-0.738197616456 0.761378871823 1.76946595805
-1.40073796369 0.947613243285 0.852317385157
-68.6998908971 57.5149726621 -7.43490134131
-95.8596425735 91.2720371315 7.64939516354
-32.6922337286 32.6894045014 4.54247200459
-2.02189057905 1.2898066415 3.15939983156
-1.90534825255 1.11992642457 1.31118729755
-1.86546828978 1.91552781278 2.4215113905
-1.24417880311 1.15219205502 0.0400803364896
-1.07175363909 0.465430119223 1.05384164031
-0.858360155463 0.518436379454 0.157811437996
-0.639602490922 0.994865920256 -0.210195431956
-67.9733194155 33.7354054229 42.0563938566
-15.3807077861 14.3993333315 21.3945127529
-78.5316839819 71.7222432256 -3.60963731805
-1.84572025401 1.4344821784 2.26069894185
-2.33709864655 2.01528089845 2.64968855812
-1.29763648944 0.805501666754 0.606613350372
-2.12762632592 1.80618148706 0.452891887905
-1.82994998938 1.27831658906 2.25483071292
-1.19553143499 1.30540579304 -0.163108698847
-63.2886055956 56.5879032638 40.1187396954
-7.87008494879 6.44562094594 9.9308275958
-55.85739231 51.4449045498 37.5941566301
-2.56793913602 1.43146879988 0.539527665248
-102.986786879 77.0700495616 131.690838412
-19.9382837366 18.7672349747 5.84654962343
-0.913250440534 0.429452914004 1.39162008094
-114.503950044 109.860931649 11.6022366758
-30.7534626475 34.5539186364 1.47239364951
-1.53459818054 1.39352244945 -0.137412058299
-1.97567950256 2.01051312487 -0.171969812411
-1.67338739158 0.766285717387 2.274826762
-7.11505402883 3.44110827503 4.86759154315
-15.3965356646 12.8051849051 7.51950744989
-10.9128647112 6.9567655123 8.88214029802
-36.8547959026 32.5621246937 -4.20040016926
-1.49527966303 0.552618850573 0.666458944689
-17.3552961424 14.2829428817 15.1154860752
-1.9361459897 1.36112137819 2.43139634944
26.7294110809 -26.7270656967 -24.4087647705
-4.91390595177 4.46440869652 4.10620015134
0.563496379323 -0.442525003138 0.300340962043
71.7035921007 -91.0157788102 42.8324485475
-3.58583162302 1.60933871531 -3.64813756582
2.35491973759 -27.9437186541 27.1755455321
13.8364970861 -17.4363191414 13.0896280355
-1.11502163284 2.45222491043 0.41361003259
0.928924780166 -2.38110190447 -2.82791488261
-21.3788966974 20.0048702964 -8.88119948905
-3.15691503984 -6.42651045692 -0.147939096921
20.294188165 -35.6140813772 -1.4047401914
17.295253797 -18.426914271 -21.00015556
7.68050587188 -17.7271296381 0.579985604155
12.9319770397 -13.1186913008 -29.4210821157
-1.97134085902 1.75959639527 0.225510263314
-4.44209945106 -2.06486049358 3.98236696476
-6.4872543503 4.60386723735 -7.02021279151
-0.207663524536 0.467738705262 1.0152835877
5.81004322711 -4.8436648788 -3.34583281079
49.3289119561 -51.6629825056 -11.2061757971
-1.54373652666 1.24409639959 0.269065818565
-0.812213754811 1.12740875092 -0.712646992971
3.55853653858 -3.44717939516 -2.62013054462
3.31186932882 -1.91255730009 -8.11231684198
-2.96591755191 2.45347708387 1.45106214755
-0.620454942353 0.851221474735 1.45746472583
-4.03808218761 3.96026999566 -1.14489931196
-2.06171807233 0.950420994375 1.30368365847
-2.37216487519 2.23479373348 0.416329881824
-0.519672307429 1.22893676446 -4.28089200289
17.8666909759 -29.6195874984 3.2083528404
-1.14897688848 1.3530857693 -0.421428772998
3.94426155672 -2.82820581239 -6.86096261955
-0.126416836542 -0.533844502537 -0.215375267174
-1.52232500271 1.16916771266 1.8810614
-4.42234535338 2.62241830302 2.08712496296
-2.26838405996 2.21352796171 1.76319812189
0.879472226564 -0.728102388189 0.082464122007
86.3919221998 -78.0591110473 35.1209421851
0.420870264497 0.438797405617 -0.240518851246
-8.37274475178 8.27450562122 -0.134700076952
1.45021173213 -1.00509072579 -1.35173410746
-1.91950347573 2.26686104304 -0.842581111607
-1.78638420158 1.69630021394 0.595553019962
-2.86938555843 1.21430279973 1.41261114137
2.03165711231 -1.70929169203 -4.14371854088
-1.50797254974 0.33482344359 1.01668639581
-6.20462709887 7.16821839786 -0.42357313424
-3.90883264898 4.37028360145 -2.12246125825
