0.706666666667 0.5590986558 0.56 0.545781181671
0.742222222222 0.636864165956 0.613333333333 0.577410749584
0.715555555556 0.386417981827 0.573333333333 0.460708782743
0.737777777778 0.616402116402 0.606666666667 0.600189198486
0.751111111111 0.632994166327 0.626666666667 0.607872244714
0.711111111111 0.394797293102 0.566666666667 0.460190426616
0.626666666667 0.453428676201 0.44 0.378776351837
0.644444444444 0.463055247939 0.466666666667 0.453977042959
0.555555555556 0.111111111111 0.333333333333 0.166666666667
0.595555555556 0.66770647653 0.393333333333 0.294685803904
0.666666666667 0.452777777778 0.5 0.424079429343
0.662222222222 0.521328476652 0.493333333333 0.489097643869
0.568888888889 0.243796526055 0.353333333333 0.2524702561
0.648888888889 0.348801560758 0.473333333333 0.385822510823
0.666666666667 0.528085106383 0.5 0.438306878307
0.551111111111 0.200566868054 0.326666666667 0.236782085839
0.644444444444 0.47444557019 0.466666666667 0.46648893214
0.555555555556 0.111111111111 0.333333333333 0.166666666667
0.688888888889 0.729175358086 0.533333333333 0.449091067065
0.564444444444 0.206164206164 0.346666666667 0.239905730707
0.56 0.225173827777 0.34 0.270741239029
0.675555555556 0.345238095238 0.513333333333 0.406271837876
0.644444444444 0.570853462158 0.466666666667 0.395151334937
0.555555555556 0.111111111111 0.333333333333 0.166666666667
0.551111111111 0.296581196581 0.326666666667 0.27202982203
0.591111111111 0.583454987835 0.386666666667 0.287319441883
0.591111111111 0.282761166482 0.386666666667 0.272667663336
0.577777777778 0.433586426697 0.366666666667 0.276881211761
0.586666666667 0.265992003998 0.38 0.308989740915
0.524444444444 0.34797979798 0.286666666667 0.243886432374
0.617777777778 0.618953926873 0.426666666667 0.371067361513
0.577777777778 0.426388888889 0.366666666667 0.304408051099
0.591111111111 0.41821219716 0.386666666667 0.330591140608
0.542222222222 0.347547806251 0.313333333333 0.287117955691
0.711111111111 0.654776422764 0.566666666667 0.563162234591
