0.711111111111 0.651082132235 0.566666666667 0.554979423868
0.737777777778 0.64102644311 0.606666666667 0.598097060202
0.76 0.675602286648 0.64 0.633515168916
0.76 0.675560696613 0.64 0.638870879188
0.742222222222 0.658040274139 0.613333333333 0.613095238095
0.724444444444 0.628961219284 0.586666666667 0.586285606489
0.72 0.615435173654 0.58 0.579797828227
0.72 0.616790151674 0.58 0.579738308071
0.715555555556 0.598912807132 0.573333333333 0.57049743899
0.693333333333 0.552631578947 0.54 0.532258064516
0.697777777778 0.553408019522 0.546666666667 0.53699712942
0.697777777778 0.555641025641 0.546666666667 0.536174200854
0.702222222222 0.562401319665 0.553333333333 0.529005265343
0.675555555556 0.502622498275 0.513333333333 0.466964285714
0.675555555556 0.496867551924 0.513333333333 0.459303376971
0.688888888889 0.530651340996 0.533333333333 0.475246401913
0.688888888889 0.499251272836 0.533333333333 0.460633871396
0.693333333333 0.495067592254 0.54 0.46861098267
0.688888888889 0.488531644542 0.533333333333 0.462010322604
0.693333333333 0.643008095136 0.54 0.469980601234
0.684444444444 0.546290681221 0.526666666667 0.440920465673
0.671111111111 0.478758169935 0.506666666667 0.426250120489
0.666666666667 0.472222222222 0.5 0.419649460423
0.666666666667 0.496842105263 0.5 0.430219435737
0.653333333333 0.432352941176 0.48 0.404880104869
0.648888888889 0.428611111111 0.473333333333 0.399194994081
0.653333333333 0.43504102672 0.48 0.4047046428
0.648888888889 0.416298185941 0.473333333333 0.401125409345
0.635555555556 0.399220521542 0.453333333333 0.383091185831
0.626666666667 0.393333333333 0.44 0.370483785221
0.622222222222 0.387916096671 0.433333333333 0.362385313234
0.613333333333 0.417833800187 0.42 0.357142857143
0.56 0.338353746 0.34 0.276140526141
0.568888888889 0.437908496732 0.353333333333 0.263158547629
0.577777777778 0.383928571429 0.366666666667 0.324956611398
